./SRR5860571.fastq.sort.bam ./SRR5860571.fastq.sort.bam -0.119506 -0.138132 -0.344118 0.26969 -0.151061 0.0120196 0.0554046 0.237132 -0.25703 0.754768 0.0163321 0.00129922 -0.239197
./SRR5860572.fastq.sort.bam ./SRR5860572.fastq.sort.bam 0.449693 -0.23727 -0.0805784 0.0123456 0.674474 -0.313808 -0.223986 0.168627 -0.0261884 -0.0201181 0.0127479 -0.00145071 -0.31872
./SRR5860576.fastq.sort.bam ./SRR5860576.fastq.sort.bam -0.520111 0.0823653 0.0533263 -0.208401 0.153404 -0.0281519 -0.0768946 0.203315 0.0666526 -0.0710768 -0.033812 0.70651 -0.308313
./SRR5860577.fastq.sort.bam ./SRR5860577.fastq.sort.bam -0.520928 0.0810238 0.0513952 -0.206045 0.151525 -0.0265529 -0.0755657 0.203958 0.0660956 -0.0713839 -0.0336359 -0.707696 -0.307523
./SRR5860615.fastq.sort.bam ./SRR5860615.fastq.sort.bam 0.0508061 -0.219972 0.585876 0.253867 -0.10773 -0.0303395 0.0859826 -0.0789992 0.610509 0.263908 0.00601493 -0.000491726 -0.269753
./SRR5860616.fastq.sort.bam ./SRR5860616.fastq.sort.bam -0.0363657 -0.211561 0.480466 0.298252 -0.16509 -0.0247161 0.0274926 0.0375235 -0.675149 -0.289058 0.00423349 0.000483884 -0.254341
./SRR5860617.fastq.sort.bam ./SRR5860617.fastq.sort.bam 0.209964 -0.146715 -0.0338399 -0.232535 -0.214963 0.635037 -0.596155 -0.0259916 0.0166021 -0.00736417 0.003632 -4.72354e-05 -0.270686
./SRR5860618.fastq.sort.bam ./SRR5860618.fastq.sort.bam 0.18247 -0.103215 -0.0920662 -0.499627 -0.538595 -0.571448 0.00359898 -0.0684118 -0.0025321 -0.0194796 0.0190785 -0.000818347 -0.275439
./SRR5860619.fastq.sort.bam ./SRR5860619.fastq.sort.bam -0.228733 -0.0848366 -0.198485 0.0959135 0.167339 -0.0395237 -0.0371221 -0.889089 -0.0702092 0.0352425 0.0236977 -0.000180982 -0.252455
./SRR5860620.fastq.sort.bam ./SRR5860620.fastq.sort.bam -0.0160214 -0.197301 -0.495419 0.437449 -0.214983 0.0569312 0.167167 0.163259 0.290441 -0.514041 -0.00167269 0.00203082 -0.267126
./SRR5860621.fastq.sort.bam ./SRR5860621.fastq.sort.bam 0.199962 -0.0720974 0.00195231 -0.376461 0.151511 0.404238 0.736225 -0.0199029 -0.0773537 0.0151965 -0.00531118 0.000132104 -0.279393
./SRR5860622.fastq.sort.bam ./SRR5860622.fastq.sort.bam 0.211699 0.607506 0.0149198 0.157458 -0.0503561 -0.0175145 -0.0128898 -0.0431512 -0.018107 0.0194485 -0.690068 -0.000681538 -0.281663
./SRR5860623.fastq.sort.bam ./SRR5860623.fastq.sort.bam 0.151502 0.604618 0.0286779 0.130572 -0.0301093 0.00268285 -0.00770067 0.00123095 -0.00356879 -0.00697981 0.721165 -0.000503985 -0.269254
